stim_idx,cluster_id
0,3
1,11
2,10
3,1
4,4
5,3
6,32
7,20
8,14
9,27
10,1
11,31
12,4
13,4
14,33
15,6
16,18
17,7
18,0
19,20
20,2
21,8
22,0
23,6
24,1
25,0
26,29
27,15
28,2
29,2
30,0
31,8
32,6
33,15
34,20
35,7
36,9
37,4
38,4
39,8
40,8
41,7
42,6
43,4
44,34
45,26
46,4
47,7
48,9
49,3
50,12
51,8
52,2
53,0
54,35
55,8
56,0
57,11
58,31
59,6
60,32
61,4
62,9
63,18
64,20
65,10
66,15
67,35
68,14
69,4
70,8
71,31
72,6
73,12
74,7
75,9
76,0
77,4
78,12
79,24
80,34
81,6
82,8
83,8
84,10
85,4
86,2
87,5
88,1
89,13
90,11
91,4
92,13
93,11
94,12
95,32
96,8
97,34
98,26
99,0
100,13
101,12
102,7
103,5
104,9
105,2
106,14
107,0
108,34
109,12
110,22
111,33
112,18
113,17
114,32
115,22
116,6
117,1
118,6
119,8
120,6
121,14
122,35
123,6
124,23
125,22
126,5
127,6
128,15
129,2
130,14
131,32
132,30
133,7
134,24
135,5
136,27
137,10
138,6
139,6
140,32
141,27
142,5
143,2
144,7
145,6
146,10
147,12
148,29
149,18
150,34
151,15
152,2
153,22
154,4
155,34
156,24
157,34
158,2
159,8
160,1
161,17
162,2
163,12
164,26
165,14
166,6
167,17
168,2
169,17
170,2
171,10
172,8
173,18
174,29
175,4
176,16
177,25
178,35
179,34
180,32
181,29
182,35
183,6
184,35
185,12
186,0
187,0
188,7
189,1
190,23
191,29
192,29
193,12
194,0
195,12
196,11
197,29
198,24
199,0
200,8
201,29
202,7
203,27
204,26
205,1
206,16
207,0
208,8
209,9
210,18
211,29
212,8
213,12
214,17
215,7
216,20
217,32
218,10
219,12
220,10
221,10
222,5
223,21
224,9
225,2
226,11
227,27
228,18
229,32
230,0
231,19
232,8
233,16
234,5
235,31
236,7
237,14
238,11
239,6
240,2
241,10
242,9
243,34
244,7
245,32
246,22
247,13
248,15
249,9
250,2
251,9
252,1
253,5
254,34
255,22
256,35
257,1
258,2
259,1
260,9
261,5
262,3
263,17
264,6
265,8
266,27
267,1
268,13
269,7
270,2
271,1
272,0
273,12
274,6
275,26
276,2
277,0
278,34
279,10
280,2
281,2
282,29
283,24
284,1
285,24
286,16
287,34
288,27
289,4
290,26
291,9
292,6
293,1
294,29
295,6
296,1
297,0
298,6
299,18
300,6
301,8
302,32
303,30
304,6
305,29
306,32
307,32
308,16
309,33
310,32
311,8
312,15
313,4
314,5
315,33
316,7
317,6
318,8
319,14
320,35
321,11
322,3
323,7
324,1
325,11
326,9
327,34
328,33
329,29
330,6
331,2
332,5
333,24
334,20
335,9
336,0
337,10
338,27
339,16
340,2
341,6
342,32
343,5
344,0
345,23
346,12
347,10
348,15
349,3
350,0
351,6
352,9
353,9
354,15
355,1
356,4
357,12
358,10
359,3
360,32
361,17
362,27
363,5
364,17
365,9
366,32
367,33
368,8
369,10
370,29
371,0
372,1
373,6
374,16
375,17
376,10
377,1
378,11
379,32
380,35
381,9
382,6
383,12
384,12
385,27
386,24
387,12
388,15
389,9
390,7
391,26
392,15
393,2
394,11
395,31
396,14
397,17
398,8
399,17
400,6
401,17
402,7
403,2
404,2
405,10
406,10
407,17
408,6
409,27
410,9
411,3
412,7
413,6
414,9
415,32
416,6
417,1
418,7
419,17
420,33
421,6
422,7
423,8
424,14
425,5
426,6
427,35
428,22
429,0
430,8
431,2
432,7
433,7
434,6
435,6
436,23
437,6
438,1
439,3
440,16
441,8
442,8
443,26
444,10
445,6
446,17
447,10
448,32
449,5
450,2
451,32
452,6
453,15
454,9
455,1
456,6
457,13
458,15
459,10
460,9
461,5
462,0
463,32
464,26
465,3
466,26
467,27
468,0
469,2
470,6
471,33
472,8
473,28
474,34
475,10
476,0
477,10
478,13
479,32
480,16
481,33
482,3
483,6
484,17
485,9
486,32
487,3
488,34
489,21
490,21
491,13
492,11
493,35
494,3
495,33
496,18
497,12
498,0
499,29
500,29
501,1
502,18
503,6
504,2
505,4
506,27
507,8
508,11
509,6
510,6
511,18
512,25
513,2
514,30
515,13
516,34
517,14
518,27
519,30
520,1
521,34
522,5
523,6
524,4
525,16
526,34
527,9
528,2
529,5
530,0
531,10
532,3
533,5
534,12
535,15
536,27
537,9
538,26
539,30
540,3
541,5
542,10
543,35
544,27
545,5
546,20
547,13
548,12
549,8
550,0
551,3
552,17
553,5
554,3
555,9
556,13
557,9
558,10
559,34
560,10
561,25
562,17
563,0
564,9
565,16
566,4
567,12
568,34
569,10
570,2
571,6
572,3
573,15
574,8
575,34
576,7
577,5
578,32
579,0
580,14
581,6
582,27
583,12
584,6
585,16
586,30
587,0
588,8
589,27
590,6
591,9
592,22
593,30
594,11
595,11
596,7
597,8
598,4
599,4
600,5
601,5
602,2
603,18
604,11
605,2
606,10
607,8
608,6
609,5
610,12
611,7
612,7
613,8
614,2
615,10
616,2
617,10
618,1
619,6
620,8
621,18
622,8
623,2
624,8
625,12
626,10
627,6
628,14
629,33
630,21
631,35
632,17
633,5
634,24
635,9
636,9
637,14
638,25
639,26
640,4
641,6
642,12
643,34
644,3
645,14
646,30
647,29
648,3
649,15
650,18
651,24
652,23
653,14
654,22
655,2
656,2
657,0
658,26
659,2
660,4
661,6
662,34
663,29
664,9
665,2
666,35
667,18
668,10
669,29
670,17
671,12
672,6
673,7
674,8
675,33
676,8
677,9
678,18
679,2
680,5
681,11
682,17
683,12
684,19
685,27
686,33
687,0
688,29
689,17
690,16
691,17
692,4
693,1
694,0
695,22
696,14
697,4
698,10
699,5
700,12
701,23
702,9
703,1
704,6
705,0
706,22
707,17
708,0
709,4
710,27
711,32
712,4
713,8
714,6
715,18
716,8
717,33
718,3
719,29
720,10
721,34
722,10
723,2
724,2
725,14
726,8
727,1
728,18
729,10
730,32
731,10
732,0
733,26
734,9
735,10
736,8
737,18
738,32
739,21
740,14
741,32
742,13
743,18
744,20
745,9
746,34
747,0
748,13
749,13
750,9
751,0
752,32
753,1
754,9
755,1
756,13
757,6
758,8
759,27
760,6
761,6
762,9
763,4
764,5
765,6
766,5
767,12
768,35
769,2
770,34
771,20
772,14
773,8
774,14
775,2
776,7
777,35
778,17
779,17
780,11
781,9
782,8
783,29
784,7
785,13
786,6
787,2
788,5
789,35
790,34
791,22
792,11
793,8
794,21
795,15
796,24
797,14
798,13
799,8
800,0
801,0
802,33
803,11
804,7
805,2
806,0
807,6
808,17
809,22
810,14
811,14
812,21
813,0
814,4
815,2
816,6
817,14
818,2
819,31
820,9
821,12
822,1
823,17
824,9
825,24
826,2
827,35
828,7
829,5
830,1
831,10
832,3
833,5
834,10
835,2
836,1
837,9
838,9
839,1
840,6
841,33
842,8
843,21
844,5
845,1
846,9
847,6
848,6
849,2
850,16
851,2
852,7
853,21
854,31
855,35
856,18
857,13
858,11
859,0
860,21
861,1
862,11
863,8
864,1
865,2
866,17
867,10
868,8
869,21
870,2
871,16
872,12
873,29
874,10
875,34
876,15
877,30
878,9
879,11
880,15
881,2
882,12
883,6
884,16
885,16
886,9
887,6
888,5
889,7
890,17
891,26
892,9
893,34
894,3
895,14
896,13
897,35
898,14
899,8
900,13
901,5
902,10
903,1
904,8
905,7
906,3
907,8
908,10
909,26
910,6
911,1
912,7
913,32
914,6
915,32
916,10
917,5
918,2
919,6
920,4
921,35
922,2
923,0
924,8
925,5
926,7
927,21
928,29
929,35
930,30
931,9
932,11
933,6
934,10
935,0
936,18
937,0
938,12
939,24
940,6
941,9
942,10
943,2
944,3
945,11
946,35
947,5
948,17
949,18
950,23
951,16
952,1
953,10
954,35
955,7
956,8
957,19
958,6
959,9
960,3
961,10
962,29
963,9
964,32
965,3
966,4
967,1
968,3
969,4
970,1
971,19
972,10
973,3
974,26
975,2
976,14
977,16
978,1
979,8
980,32
981,33
982,9
983,8
984,1
985,12
986,7
987,2
988,0
989,10
990,11
991,7
992,17
993,9
994,0
995,26
996,23
997,10
998,33
999,16
1000,7
1001,8
1002,15
1003,24
1004,5
1005,34
1006,10
1007,33
1008,6
1009,6
1010,8
1011,11
1012,10
1013,16
1014,16
1015,21
1016,33
1017,10
1018,22
1019,17
1020,6
1021,21
1022,0
1023,6
1024,30
1025,10
1026,2
1027,3
1028,5
1029,7
1030,9
1031,12
1032,18
1033,22
1034,2
1035,17
1036,20
1037,5
1038,17
1039,1
1040,3
1041,2
1042,8
1043,1
1044,6
1045,3
1046,10
1047,14
1048,17
1049,13
1050,27
1051,10
1052,7
1053,27
1054,9
1055,13
1056,8
1057,2
1058,34
1059,12
1060,8
1061,2
1062,30
1063,7
1064,0
1065,8
1066,6
1067,1
1068,10
1069,9
1070,27
1071,35
1072,9
1073,30
1074,35
1075,5
1076,0
1077,30
1078,21
1079,8
1080,18
1081,7
1082,15
1083,12
1084,4
1085,22
1086,2
1087,1
1088,6
1089,0
1090,18
1091,2
1092,16
1093,4
1094,35
1095,6
1096,10
1097,18
1098,6
1099,16
1100,11
1101,0
1102,9
1103,7
1104,15
1105,5
1106,0
1107,35
1108,34
1109,31
1110,33
1111,2
1112,5
1113,34
1114,8
1115,15
1116,35
1117,3
1118,17
1119,34
1120,24
1121,5
1122,25
1123,1
1124,4
1125,5
1126,25
1127,6
1128,14
1129,29
1130,26
1131,30
1132,3
1133,34
1134,2
1135,29
1136,18
1137,6
1138,21
1139,3
1140,10
1141,34
1142,8
1143,34
1144,22
1145,32
1146,14
1147,1
1148,1
1149,11
1150,0
1151,10
1152,13
1153,10
1154,8
1155,8
1156,26
1157,21
1158,35
1159,8
1160,5
1161,17
1162,1
1163,27
1164,9
1165,18
1166,12
1167,8
1168,17
1169,8
1170,9
1171,6
1172,6
1173,10
1174,9
1175,3
1176,31
1177,32
1178,30
1179,5
1180,14
1181,6
1182,9
1183,5
1184,16
1185,1
1186,5
1187,33
1188,4
1189,25
1190,0
1191,1
1192,3
1193,18
1194,29
1195,25
1196,7
1197,11
1198,7
1199,35
1200,30
1201,5
1202,22
1203,16
1204,27
1205,32
1206,10
1207,0
1208,18
1209,22
1210,3
1211,12
1212,24
1213,17
1214,2
1215,35
1216,35
1217,4
1218,18
1219,6
1220,11
1221,15
1222,4
1223,9
1224,2
1225,8
1226,35
1227,4
1228,8
1229,3
1230,5
1231,7
1232,32
1233,18
1234,0
1235,10
1236,6
1237,22
1238,5
1239,31
1240,29
1241,16
1242,8
1243,16
1244,26
1245,10
1246,15
1247,15
1248,2
1249,11
1250,14
1251,32
1252,10
1253,1
1254,15
1255,21
1256,8
1257,14
1258,6
1259,15
1260,10
1261,8
1262,0
1263,24
1264,4
1265,33
1266,4
1267,35
1268,22
1269,5
1270,6
1271,22
1272,19
1273,6
1274,35
1275,0
1276,20
1277,6
1278,12
1279,13
1280,29
1281,34
1282,11
1283,6
1284,17
1285,6
1286,0
1287,1
1288,11
1289,1
1290,0
1291,7
1292,14
1293,12
1294,4
1295,35
1296,6
1297,2
1298,34
1299,1
1300,6
1301,33
1302,12
1303,3
1304,5
1305,2
1306,32
1307,1
1308,11
1309,2
1310,32
1311,30
1312,14
1313,2
1314,9
1315,23
1316,35
1317,1
1318,6
1319,18
1320,30
1321,15
1322,9
1323,6
1324,5
1325,32
1326,29
1327,1
1328,4
1329,2
1330,29
1331,9
1332,2
1333,31
1334,11
1335,4
1336,17
1337,10
1338,11
1339,8
1340,5
1341,0
1342,17
1343,10
1344,7
1345,24
1346,17
1347,9
1348,32
1349,1
1350,0
1351,9
1352,13
1353,29
1354,10
1355,18
1356,6
1357,10
1358,12
1359,14
1360,8
1361,1
1362,0
1363,12
1364,22
1365,9
1366,24
1367,32
1368,6
1369,10
1370,2
1371,12
1372,21
1373,33
1374,16
1375,22
1376,18
1377,6
1378,4
1379,8
1380,1
1381,11
1382,14
1383,5
1384,0
1385,7
1386,6
1387,10
1388,17
1389,5
1390,32
1391,9
1392,9
1393,26
1394,34
1395,6
1396,11
1397,8
1398,9
1399,7
1400,6
1401,32
1402,7
1403,13
1404,6
1405,12
1406,2
1407,13
1408,1
1409,16
1410,7
1411,35
1412,34
1413,24
1414,35
1415,7
1416,35
1417,26
1418,11
1419,16
1420,24
1421,30
1422,35
1423,34
1424,4
1425,5
1426,32
1427,7
1428,13
1429,5
1430,9
1431,21
1432,6
1433,18
1434,1
1435,25
1436,10
1437,0
1438,9
1439,32
1440,10
1441,16
1442,11
1443,0
1444,29
1445,2
1446,17
1447,18
1448,13
1449,9
1450,30
1451,30
1452,26
1453,5
1454,29
1455,9
1456,0
1457,1
1458,10
1459,17
1460,4
1461,5
1462,15
1463,6
1464,5
1465,8
1466,18
1467,5
1468,12
1469,2
1470,14
1471,4
1472,6
1473,4
1474,34
1475,35
1476,35
1477,2
1478,12
1479,1
1480,10
1481,6
1482,6
1483,8
1484,9
1485,6
1486,33
1487,34
1488,15
1489,10
1490,5
1491,0
1492,0
1493,10
1494,35
1495,0
1496,1
1497,14
1498,0
1499,10
1500,15
1501,13
1502,5
1503,8
1504,20
1505,9
1506,8
1507,15
1508,8
1509,14
1510,5
1511,4
1512,2
1513,23
1514,35
1515,8
1516,4
1517,1
1518,2
1519,1
1520,11
1521,11
1522,2
1523,7
1524,7
1525,27
1526,6
1527,14
1528,34
1529,0
1530,34
1531,3
1532,20
1533,7
1534,5
1535,10
1536,17
1537,16
1538,22
1539,5
1540,27
1541,5
1542,7
1543,2
1544,2
1545,2
1546,9
1547,14
1548,6
1549,1
1550,2
1551,4
1552,4
1553,9
1554,4
1555,6
1556,17
1557,10
1558,5
1559,14
1560,0
1561,2
1562,21
1563,29
1564,16
1565,6
1566,20
1567,11
1568,0
1569,5
1570,21
1571,12
1572,13
1573,7
1574,0
1575,9
1576,10
1577,14
1578,2
1579,11
1580,5
1581,23
1582,31
1583,5
1584,0
1585,27
1586,8
1587,0
1588,32
1589,14
1590,0
1591,13
1592,8
1593,18
1594,8
1595,26
1596,5
1597,20
1598,2
1599,2
1600,2
1601,30
1602,34
1603,10
1604,2
1605,13
1606,12
1607,5
1608,17
1609,6
1610,0
1611,10
1612,4
1613,4
1614,5
1615,25
1616,17
1617,5
1618,34
1619,10
1620,0
1621,32
1622,15
1623,4
1624,18
1625,22
1626,12
1627,29
1628,16
1629,2
1630,6
1631,9
1632,20
1633,9
1634,8
1635,18
1636,26
1637,2
1638,18
1639,16
1640,11
1641,20
1642,6
1643,18
1644,24
1645,33
1646,1
1647,34
1648,5
1649,20
1650,2
1651,9
1652,8
1653,14
1654,8
1655,30
1656,8
1657,29
1658,33
1659,13
1660,3
1661,0
1662,30
1663,7
1664,35
1665,1
1666,8
1667,4
1668,12
1669,10
1670,1
1671,2
1672,10
1673,35
1674,2
1675,5
1676,26
1677,33
1678,26
1679,15
1680,7
1681,16
1682,9
1683,6
1684,9
1685,6
1686,35
1687,15
1688,14
1689,2
1690,15
1691,10
1692,8
1693,24
1694,1
1695,34
1696,14
1697,15
1698,0
1699,25
1700,32
1701,5
1702,2
1703,0
1704,5
1705,22
1706,10
1707,17
1708,35
1709,25
1710,8
1711,21
1712,11
1713,10
1714,0
1715,30
1716,8
1717,19
1718,8
1719,2
1720,24
1721,29
1722,2
1723,12
1724,20
1725,10
1726,10
1727,10
1728,35
1729,1
1730,15
1731,3
1732,4
1733,4
1734,24
1735,11
1736,26
1737,5
1738,29
1739,4
1740,3
1741,12
1742,12
1743,7
1744,0
1745,2
1746,12
1747,4
1748,9
1749,6
1750,21
1751,9
1752,32
1753,7
1754,6
1755,14
1756,1
1757,0
1758,10
1759,5
1760,8
1761,6
1762,15
1763,24
1764,8
1765,35
1766,5
1767,30
1768,27
1769,1
1770,32
1771,33
1772,0
1773,2
1774,9
1775,9
1776,15
1777,8
1778,1
1779,33
1780,27
1781,15
1782,24
1783,34
1784,2
1785,0
1786,14
1787,1
1788,17
1789,6
1790,12
1791,35
1792,8
1793,4
1794,7
1795,13
1796,9
1797,4
1798,4
1799,12
1800,16
1801,35
1802,5
1803,14
1804,12
1805,0
1806,0
1807,6
1808,1
1809,29
1810,12
1811,11
1812,34
1813,24
1814,17
1815,16
1816,21
1817,7
1818,4
1819,5
1820,18
1821,1
1822,34
1823,10
1824,1
1825,6
1826,29
1827,15
1828,26
1829,9
1830,18
1831,9
1832,0
1833,10
1834,10
1835,0
1836,7
1837,3
1838,18
1839,14
1840,8
1841,12
1842,34
1843,35
1844,5
1845,15
1846,4
1847,13
1848,8
1849,1
1850,5
1851,25
1852,0
1853,7
1854,20
1855,18
1856,35
1857,6
1858,35
1859,22
1860,12
1861,18
1862,9
1863,5
1864,23
1865,7
1866,13
1867,11
1868,3
1869,6
1870,6
1871,34
1872,17
1873,8
1874,0
1875,18
1876,34
1877,0
1878,10
1879,2
1880,7
1881,4
1882,4
1883,8
1884,2
1885,8
1886,6
1887,0
1888,33
1889,7
1890,33
1891,10
1892,5
1893,0
1894,6
1895,25
1896,0
1897,16
1898,10
1899,2
1900,15
1901,9
1902,9
1903,10
1904,4
1905,3
1906,34
1907,5
1908,4
1909,4
1910,0
1911,5
1912,23
1913,32
1914,33
1915,6
1916,31
1917,34
1918,2
1919,11
1920,20
1921,33
1922,30
1923,10
1924,2
1925,16
1926,15
1927,6
1928,0
1929,2
1930,18
1931,6
1932,29
1933,6
1934,6
1935,30
1936,15
1937,9
1938,17
1939,29
1940,7
1941,27
1942,25
1943,24
1944,5
1945,18
1946,15
1947,5
1948,2
1949,9
1950,4
1951,8
1952,21
1953,11
1954,6
1955,7
1956,2
1957,14
1958,33
1959,0
1960,9
1961,10
1962,11
1963,10
1964,0
1965,20
1966,1
1967,10
1968,10
1969,14
1970,35
1971,4
1972,0
1973,13
1974,10
1975,12
1976,8
1977,27
1978,17
1979,34
1980,2
1981,15
1982,7
1983,12
1984,18
1985,26
1986,35
1987,15
1988,12
1989,6
1990,33
1991,8
1992,10
1993,35
1994,8
1995,6
1996,2
1997,29
1998,14
1999,13
2000,1
2001,1
2002,10
2003,30
2004,8
2005,6
2006,1
2007,2
2008,27
2009,35
2010,33
2011,8
2012,21
2013,4
2014,35
2015,0
2016,4
2017,6
2018,9
2019,12
2020,12
2021,26
2022,6
2023,11
2024,7
2025,35
2026,14
2027,34
2028,35
2029,11
2030,6
2031,26
2032,0
2033,14
2034,27
2035,5
2036,11
2037,0
2038,6
2039,1
2040,1
2041,10
2042,18
2043,2
2044,3
2045,4
2046,6
2047,7
2048,9
2049,14
2050,17
2051,0
2052,23
2053,13
2054,9
2055,12
2056,30
2057,10
2058,12
2059,18
2060,1
2061,15
2062,0
2063,32
2064,10
2065,18
2066,5
2067,8
2068,8
2069,2
2070,18
2071,35
2072,18
2073,10
2074,7
2075,0
2076,6
2077,9
2078,14
2079,14
2080,16
2081,15
2082,2
2083,10
2084,0
2085,5
2086,7
2087,7
2088,9
2089,26
2090,8
2091,7
2092,16
2093,0
2094,21
2095,17
2096,4
2097,10
2098,5
2099,22
2100,22
2101,19
2102,5
2103,13
2104,4
2105,33
2106,27
2107,2
2108,18
2109,17
2110,34
2111,12
2112,8
2113,6
2114,2
2115,14
2116,0
2117,0
2118,27
2119,6
2120,1
2121,16
2122,4
2123,2
2124,6
2125,0
2126,4
2127,6
2128,1
2129,8
2130,35
2131,2
2132,6
2133,4
2134,34
2135,33
2136,3
2137,1
2138,6
2139,8
2140,5
2141,11
2142,14
2143,12
2144,8
2145,2
2146,9
2147,9
2148,12
2149,26
2150,9
2151,13
2152,30
2153,0
2154,2
2155,1
2156,35
2157,5
2158,34
2159,4
2160,17
2161,10
2162,13
2163,3
2164,8
2165,3
2166,22
2167,7
2168,16
2169,31
2170,16
2171,20
2172,13
2173,24
2174,7
2175,10
2176,12
2177,5
2178,0
2179,4
2180,31
2181,7
2182,9
2183,11
2184,6
